47

0000
1111
1001
0001
0001
0001
0111

1111
0010
0100
1000
0000
0000
0111

0000
1111
0001
1111
0001
1111
0011

0110
1001
0110
1001
1001
0110
1000

0010
0110
1010
1111
0010
0010
0100

0110
1001
0110
0010
0100
1000
1001

1000
1000
1111
1001
1001
1111
0110

0000
0000
0110
1001
1001
0110
0000

1000
1010
1010
1111
0010
0010
0100

1111
0010
0100
1110
0001
1110
0011

1100
0010
0001
0010
0001
1110
0011

1111	
1001	
1001	
1001	
1001	
1111
0000

0000
1111
1001
1001
1001
1111
0000

0110
1001
0110
1001
1001
0110
1000
 
0110
1001
0110
0110
1001
0110
1000
 
1111
1001
1111
1001
1001
1111
1000
 
1111
1001
1001
1111
1001
1111
1000

0110
1001
0010
0001
1001
0110
0011
 
1111
0001
1111
0001
0001
1111
0011
 
1111
0001
0001
1111
0001
1111
0011

1111
0001
1111
1000
1000
1111
0010

1111
0001
0001
1111
1000
1111
0010

0110
1001
0001
0110
1000
1111
0010

0110
1001
0010
0100
1000
1111
0010

0010
0010
0010
0010
0010
0010
0001

0100
0100
0100
0100
0100
0100
0001

0010
0110
0010
0010
0010
1111
0001

1010
1010
1010
1111
0010
0010
0100

1000
1010
1010
1111
0010
0010
0100

0010
0110
1010
1111
0010
0010
0100

1111
1000
1110
0001
1001
0110
0101

1111
1000
1111
0001
0001
1111
0101

1111
1000
1000
1111
0001
1111
0101

1111
1000
1000
1111
1001
1111
0110

1111
1000
1111
1001
1001
1111
0110

0011
0100
1000
1110
1001
0110
0110

1111
0001
0001
0001
0001
0001
0111

1111
1001
0001
0001
0001
0001
0111

1111
1001
0001
0010
0100
0100
0111

1111
1001
1001
1111
0001
0001
1001

1111
1001
1111
0001
0001
0001
1001

1111
1001
1111
0001
0001
1111
1001

1111
1001
1111
0010
0100
1000
1001

1111
1001
1111
0001
0001
1111
1001

0000
0000
0000
0111
0101
0111
0000

1000
1000
1000
1000
1000
1000
0001

0000
0000
0100
0100
0100
0100
0001